281541555
266980320
231702397
52368076
234523599
391949880
201248411
263003176
89020549
234994474
410153553
62483237
403224672
261136679
393940766
425997655
307210830
262530407
251848941
207141131
76923707
279741379
166739520
183532609
183537452
183985250
12421862
309792357
410214986
350618622
55650590
55652896
150098860
305048087
9006668
118327550
224225541
92226327
200723869
37749396
63898957
70513361
120916706
159951311
164767175
220479565
259377017
439456714
29781292
382626661
150030205
188570092
169765334
139285832
224245334
178155732
120896927
153065527
100990000
94986319
31374837
78055054
70899085
179034327
1528696
257605131
139733308
98796344
4646810
270380593
33521996
33692729
37770169
317548889
260708537
452866790
134200185
453211454
119292328
366576758
366622912
218795833
27649847
387690507
144700903
234825296
200322593
50618703
36440357
192826603
44737596
407966340
170849515
101011575
377064495
413248763
1003831
123482865
408310006
262746281
296739893
83092282
22221375
35009898
54962195
101955023
124573851
151825527
158588995
280206394
429304876
77156829
150428135
260004324
150151262
271971130
11561667
34068865
36724087
106402532
181804752
219189765
359271092
14661418
73228647
73649615
130924120
178709444
178819686
248075138
277634430
306996324
429358906
460984940
55525572
102840239
73717937
127530399
193641523
220029715
243200602
362249359
440887364
460205581
287563610
33595516
219344917
34077285
261257684
350153977
369327947
406941612
407126408
146520535
44792534
280437559
317060587
366989877
320004517
299799658
79748331
201642601
158297421
351601843
370133522
161032923
360630575
383390264
290348383
254113311
154872375
142276270
28230919
232967440
154089169
158002130
233087860
147950620
29960110
23434737
349095149
299798795
360156606
300038935
287156968
447061717
364395234
260647166
103633434
120960812
153951307
154716798
219698776
219850915
230127302
232540264
232612416
232976128
237222864
288735205
355867695
467179528
142394656
198241702
417948359
445859771
163539739
224297258
266593143
365733349
417676622
219015370
356867115
260128333
269701147
219852882
229747848
343019899
69747919
364186197
199444169
116483514
158025009
321857016
333473672
293954617
198356533
229650439
232982558
235683377
237232044
258514800
343628284
377293776
417931607
420112589
198390247
199376584
188768068
240968774
243185500
283722336
284441182
306263608
306955329
352413427
409794137
299158887
302773669
264678534
317597583
201186294
396562848
376353509
288631580
428679607
441739020
259168516
58542531
28900646
268334473
353475866
396740648
422756130
470381900
445805961
14336130
71431780
130181866
285048486
318022259
408618999
159418353
219857012
219860288
229455001
233602827
287080092
289580577
367858035
408636441
137906197
85293053
332064670
4897275
9348006
21535395
29191624
39699648
67646988
160045097
304142124
286916251
138819293
368435330
198153540
8967242
119584412
166648874
180695581
376524552
82308728
142381532
142387023
390651552
232982938
207468071
198108326
198385543
54002556
73540072
229742722
202426247
348755728
91987762
172370679
429302040
308098254
143143769
371188886
26547036
136916387
188589164
368287008
357501308
159781361
255930614
159873822
115524421
417931300
27491137
321669174
441738827
441765914
402898317
235678745
142748283
236387002
389900760
21744120
21832928
75878355
336128819
287256467
237913194
298663873
271478281
372172128
369455629
358107516
381856447
212253390
425561347
198485881
232568235
8348911
459837008
289164482
329148988
300812741
394287035
24358417
91555165
401125028
332558858
439366538
201177276
382602147
212957629
153078576
10837041
142937186
258804746
318753380
439867639
170729775
449197831
192790476
263179590
149601126
269333648
399967279
149845414
350293646
157698565
162802770
176314383
387342052
452006073
428699140
243641947
358070912
391903064
169461816
160390955
396133015
267650535
455784423
240823272
155867025
445751830
458419328
289661991
308073360
141205978
86263325
20182780
352682207
141488193
467331291
394357918
95057860
366443426
44898913
144193715
7020254
404518509
166184428
354944123
4070275
464646604
206541859
366484980
122596693
22233480
158241252
158388163
137899948
48506505
75262942
122441491
126606859
239332587
269269546
193336820
120826158
349972412
179582003
243014114
456862677
85593751
301289516
333657795
39926974
380887434
384888319
418761354
437704321
262715204
435339847
248250955
271169413
349576261
48451130
27769688
273231214
120255950
137683938
164458714
122785299
399954349
307809773
232608943
467651916
437856897
27039476
68577662
258796169
284326455
404421005
307958020
58824746
436873727
257774438
165202476
142532090
335590096
49254857
237929468
277128619
282485660
424196109
361711730
243244680
117275513
366631954
307733361
7059054
303432813
17409453
203214138
437011608
5882269
18310799
330687113
184892124
63189173
19028197
434226736
26826078
203214081
366410512
350348197
239977528
203289099
332022997
27064468
175236511
350020859
281885301
173103335
257527578
124029677
388811663
60286662
115010361
6892385
363548415
330690135
49428710
149969625
419411415
259172249
219016883
250111245
246965431
16005254
26054627
407591297
8260536
374180079
443616612
277833995
458686847
366411016
176868951
466206508
388804061
55315929
323687123
14570099
456945304
17307715
459762279
154220877
420779000
311133118
209464063
368739874
193634953
148673433
219041246
298074836
230055368
71582156
9989136
4918918
40292751
42883782
87216634
151724385
328081248
151759246
243921117
466382581
388909695
418604868
248853232
305506996
91051152
431701493
137151335
164652245
299087490
120692092
158657354
377780790
159054620
27534138
63283780
120317234
259233660
102734241
121731834
48353358
123357864
123309556
286201103
388076422
194736418
353459965
392681545
18318288
122375047
350814622
384984325
404456775
288144647
52005579
261135533
168281028
397362481
372207328
328513434
320411045
142277868
174328045
333736132
281541545
121490076
197643976
4610830
49735922
301235044
422618449
150096001
365007485
393818343
67512645
435339558
56658270
27635334
271749758
436575927
26078330
113921235
366119858
405010127
139158696
288421619
273234825
273690178
169081296
271052158
274198407
437444661
50171060
68952448
301258470
146364192
380255458
56815340
278683844
207081058
219338557
167415965
369456296
278661431
139148528
38820496
52195943
197760286
211376134
214517366
300579472
309791156
373844472
381855507
421951960
439366537
47316976
233964642
166697854
270480629
201334717
38823436
259511357
439456712
122613513
42054565
396720998
100921768
141608198
150430484
152969049
167164631
167418903
175532955
177350401
179437400
219244541
219345200
260130483
260417932
261261490
271890281
271893376
278199150
278775625
279322914
300868398
308664750
321044210
348839628
349642962
349765571
358248442
372909372
382068562
382200986
382435735
382629173
38447880
410450507
453097786
453100658
64071271
9858404
117979455
189013224
70914192
117979850
259592689
44647437
468880077
14091704
38603673
77951245
238195769
121647285
408137826
38129218
21725655
21725658
319312479
71133316
219421728
13093071
31054498
34085383
100757807
92880568
178199444
464830297
67747088
4113648
24520420
220617848
146434840
435929231
250161963
55442102
219151731
369376388
365465224
283605976
332660150
189013113
14091631
32498861
179033846
38090165
32641207
235067594